0,1.4839999999999853,1.01,2.8181368296362224
0,1.4889999999999848,1.01,2.9731981339767155
1,1.4849999999999852,1.01,3.405870455871047
2,1.487999999999985,1.01,3.2911446512915288
3,1.4849999999999852,1.01,2.6925793095055086
0,1.4839999999999853,1.01,2.9100505667476164
1,1.487999999999985,1.01,2.9079838564649823
2,1.4849999999999852,1.01,2.7234463684929775
3,1.4649999999999874,0.99,3.238624280761483
4,1.4849999999999852,1.01,2.8081035057934027
5,1.487999999999985,1.01,3.164756582132973
6,1.4889999999999848,1.01,2.900770155818096
7,1.487999999999985,1.02,3.1310254763245946
8,1.487999999999985,1.01,3.2955713246241056
9,1.4699999999999869,0.99,2.6834114252266184
10,1.4699999999999869,0.99,3.4485954960346454
11,1.487999999999985,1.02,3.161104709286444
12,1.476999999999986,1.0,2.4143958262166993
13,1.4919999999999844,1.02,2.8437772471464005
14,1.4919999999999844,1.02,3.1550391486750824
15,1.4709999999999868,1.0,3.0210364553889097
16,1.4809999999999857,1.0,2.5750368962992605
17,1.4849999999999852,1.01,3.1463020785963787
18,1.4639999999999875,0.99,2.914499011058355
19,1.487999999999985,1.02,2.753602903185409
20,1.487999999999985,1.01,2.5927435563746224
21,1.4819999999999856,1.01,3.030530655584263
22,1.487999999999985,1.01,3.1192118628201495
23,1.487999999999985,1.01,3.2461866900115153
24,1.4839999999999853,1.01,2.6345124003288705
25,1.4849999999999852,1.01,3.241637440519145
26,1.487999999999985,1.01,3.3851317020378127
27,1.4919999999999844,1.02,3.090390229180718
28,1.4849999999999852,1.01,2.7599547788115264
29,1.4849999999999852,1.01,3.047920234925621
30,1.467999999999987,0.99,3.0760379417918213
31,1.487999999999985,1.02,3.128197035555242
32,1.4639999999999875,0.98,3.0149685032945945
33,1.487999999999985,1.01,3.1239928691373087
34,1.4709999999999868,0.99,2.835782756984353
35,1.4749999999999863,1.0,2.5811345544769697
36,1.486999999999985,1.01,2.472087257627772
37,1.4709999999999868,0.99,2.9056437107673467
38,1.4849999999999852,1.01,2.6157546023906577
39,1.4699999999999869,0.99,2.716593239346408
40,1.4809999999999857,1.0,2.665424161468835
41,1.4849999999999852,1.01,2.6079574419512834
42,1.4839999999999853,1.01,2.9454318298437365
43,1.487999999999985,1.02,3.311020835438224
44,1.4749999999999863,1.0,2.3711074506263263
45,1.4849999999999852,1.01,3.294955923839528
46,1.487999999999985,1.01,3.493068502427525
47,1.487999999999985,1.01,3.0364228181874515
48,1.4889999999999848,1.01,2.87524036155673
49,1.4559999999999884,0.97,3.074173169941588
50,1.4849999999999852,1.01,2.60660963890692
51,1.4699999999999869,0.99,3.0297455897848553
52,1.487999999999985,1.01,2.8421779738940938
53,1.4819999999999856,1.01,2.9828876703208276
54,1.4849999999999852,1.01,2.7925598583902254
55,1.487999999999985,1.01,3.126206417195747
56,1.4849999999999852,1.01,2.70119493504303
57,1.487999999999985,1.02,3.0548418045585923
58,1.4709999999999868,1.0,2.60688196939663
59,1.467999999999987,0.99,2.7660232879897126
60,1.487999999999985,1.01,3.1280213957925342
61,1.4849999999999852,1.01,2.7119098525168663
62,1.487999999999985,1.01,2.9543742901258927
63,1.4929999999999843,1.02,3.381810743094981
64,1.487999999999985,1.01,2.8281449193722854
65,1.4709999999999868,0.99,2.5794167990672343
66,1.487999999999985,1.01,3.251129828173659
67,1.487999999999985,1.01,3.1137943413062805
68,1.477999999999986,1.0,2.4454947732324106
69,1.487999999999985,1.01,2.834778802080601
70,1.4809999999999857,1.01,2.4167683690049087
71,1.4849999999999852,1.01,2.7796183223027993
72,1.485999999999985,1.02,3.149778697653115
73,1.487999999999985,1.01,2.9864766727683896
74,1.487999999999985,1.01,3.1462694429957048
75,1.487999999999985,1.01,3.4016504989674674
76,1.487999999999985,1.02,3.4493621137790123
77,1.486999999999985,1.01,3.249872058278462
78,1.4819999999999856,1.01,2.3882143110559104
79,1.4709999999999868,1.0,2.749630149886855
80,1.467999999999987,0.99,3.341146434291585
81,1.4849999999999852,1.01,2.6897888509738714
82,1.4809999999999857,1.0,2.654739589811354
83,1.4839999999999853,1.01,2.968658510766793
84,1.4849999999999852,1.01,2.778497238247779
85,1.4849999999999852,1.01,2.695872587308972
86,1.4849999999999852,1.01,2.691842531164092
87,1.4849999999999852,1.01,2.9021103274679456
88,1.487999999999985,1.01,3.1238072438282622
89,1.487999999999985,1.01,2.9010269580001133
90,1.477999999999986,1.0,2.650448576337104
91,1.4889999999999848,1.01,3.141206925707758
92,1.487999999999985,1.01,3.0439376447918467
93,1.4949999999999841,1.02,3.8233955862202196
94,1.4699999999999869,0.99,2.4578112119018085
95,1.487999999999985,1.01,3.03699448526934
96,1.4919999999999844,1.02,2.701660891855779
97,1.4849999999999852,1.01,3.1312485059684656
98,1.487999999999985,1.01,2.8738651219326803
99,1.4929999999999843,1.02,3.3379741024723497
100,1.4909999999999846,1.02,2.826084740499649
101,1.487999999999985,1.01,3.630001191155387
102,1.4889999999999848,1.01,3.2384018134762855
103,1.487999999999985,1.01,2.7421023733983465
104,1.487999999999985,1.01,2.9471631924398927
105,1.487999999999985,1.01,2.8615449688234476
106,1.4839999999999853,1.01,2.9268136963445786
107,1.4839999999999853,1.01,3.3174713530139184
108,1.487999999999985,1.01,2.8738231130250846
109,1.4949999999999841,1.02,3.6529965406955425
110,1.487999999999985,1.01,3.1696625686723716
111,1.4929999999999843,1.02,3.5435854000524154
112,1.4849999999999852,1.01,2.599870434233404
113,1.4639999999999875,0.99,2.887069061422481
114,1.4849999999999852,1.01,2.7939582016183153
115,1.487999999999985,1.02,3.111913634768424
116,1.4949999999999841,1.02,3.3312089565074934
117,1.4849999999999852,1.01,2.542961884857998
118,1.487999999999985,1.01,2.8522849478474903
119,1.4839999999999853,1.01,2.6222827144635454
120,1.487999999999985,1.01,2.8163007525714545
121,1.487999999999985,1.02,2.96731346706481
122,1.4949999999999841,1.02,3.6707373921972586
123,1.4709999999999868,1.0,2.586504802912841
124,1.477999999999986,1.0,2.892568620969422
125,1.487999999999985,1.02,2.760642484593199
126,1.4639999999999875,0.99,3.0479239730904415
127,1.487999999999985,1.01,3.3389120293914294
128,1.4839999999999853,1.01,2.927746747398668
129,1.4929999999999843,1.02,2.93102319293154
130,1.4929999999999843,1.02,3.1745511734488185
131,1.4929999999999843,1.02,3.471243044847015
132,1.487999999999985,1.02,3.3398149871595515
133,1.4849999999999852,1.01,3.513094818940398
134,1.487999999999985,1.01,2.6047959652366495
135,1.487999999999985,1.01,3.3817797192531516
136,1.4909999999999846,1.01,2.7595258069392523
137,1.487999999999985,1.01,3.090247762444332
138,1.4849999999999852,1.01,2.836589236031095
139,1.4849999999999852,1.01,2.7800613116347486
140,1.4819999999999856,1.01,2.691088690386265
141,1.487999999999985,1.02,2.7870175475249175
142,1.4849999999999852,1.01,3.000183288380913
143,1.4929999999999843,1.02,3.1438733497941316
144,1.487999999999985,1.02,2.7657224566861887
145,1.487999999999985,1.01,3.4441934622144506
146,1.487999999999985,1.01,3.4070493776961346
147,1.4849999999999852,1.01,2.7434677765984317
148,1.487999999999985,1.01,3.046231187214889
149,1.4849999999999852,1.01,2.768714146250496
150,1.4919999999999844,1.02,2.8909735526136333
151,1.4849999999999852,1.01,2.6417417266227696
152,1.487999999999985,1.01,2.7658971014458325
153,1.476999999999986,1.0,2.6863917539886737
154,1.487999999999985,1.01,2.633136707616423
155,1.4909999999999846,1.02,2.9477910464292987
156,1.487999999999985,1.01,2.672091622032346
157,1.487999999999985,1.02,3.460517423063648
158,1.4849999999999852,1.01,2.8177331021559437
159,1.487999999999985,1.01,3.1906581697586383
160,1.487999999999985,1.01,2.7782019319195186
161,1.487999999999985,1.01,2.6950172400634944
162,1.487999999999985,1.01,3.2293648783017797
163,1.4639999999999875,0.99,3.4415854697508212
164,1.4849999999999852,1.01,2.527466085490759
165,1.4849999999999852,1.01,2.9317880717352724
166,1.467999999999987,0.99,3.1610565084691533
167,1.4709999999999868,0.99,2.6442876864733598
168,1.487999999999985,1.01,3.1321161580536
169,1.4569999999999883,0.98,3.1112109622732724
170,1.4849999999999852,1.01,2.6283306130386443
171,1.4839999999999853,1.01,2.8844619368069537
172,1.4849999999999852,1.01,2.576598732588888
173,1.487999999999985,1.01,3.128393701303884
174,1.4949999999999841,1.02,3.320822573492766
175,1.4849999999999852,1.01,2.5027363107180642
176,1.4849999999999852,1.01,3.327830602265651
177,1.4949999999999841,1.02,3.345693673971677
178,1.4809999999999857,1.01,2.746130070665942
179,1.486999999999985,1.01,2.915099520815067
180,1.4819999999999856,1.01,2.707115909753699
181,1.487999999999985,1.01,2.8189206014229997
182,1.4649999999999874,0.98,2.7690206945400253
183,1.4849999999999852,1.01,3.2176683849811183
184,1.487999999999985,1.01,3.3366207808163413
185,1.4849999999999852,1.01,2.6072418849473498
186,1.4849999999999852,1.01,2.682281717747125
187,1.4709999999999868,1.0,2.5973475585779804
188,1.487999999999985,1.01,2.862574961734841
189,1.4849999999999852,1.01,3.107969222860702
190,1.476999999999986,1.0,2.629224027178297
191,1.4919999999999844,1.02,3.0734472339036767
192,1.4849999999999852,1.0,3.2789945264975686
193,1.487999999999985,1.01,3.031173247734747
194,1.4839999999999853,1.01,2.9865657704455497
195,1.487999999999985,1.01,2.900398301350319
196,1.487999999999985,1.01,2.900300863988269
197,1.485999999999985,1.01,3.089381896352105
198,1.4839999999999853,1.01,2.730980002277759
199,1.486999999999985,1.01,3.009556458563176
200,1.487999999999985,1.01,2.930616488832744
201,1.4929999999999843,1.02,2.8842767319018687
202,1.487999999999985,1.01,3.0975060280704043
203,1.4949999999999841,1.02,3.577464059104005
204,1.4929999999999843,1.02,3.2537414140648333
205,1.4919999999999844,1.02,2.9057029014425892
206,1.4919999999999844,1.02,2.937011340844432
207,1.4929999999999843,1.02,3.5616540489777933
208,1.4839999999999853,1.01,2.8930574163199507
209,1.4889999999999848,1.01,2.8607671436565036
210,1.487999999999985,1.01,3.0143894791362364
211,1.487999999999985,1.01,2.8576356682000337
212,1.487999999999985,1.01,2.978297951253724
213,1.4819999999999856,1.0,2.6753510892149235
214,1.4949999999999841,1.02,3.3594356436848605
215,1.487999999999985,1.01,2.574378920063196
216,1.487999999999985,1.02,2.7657360928169346
217,1.4939999999999842,1.02,3.5418738863478216
218,1.477999999999986,1.0,3.057487581800146
219,1.4889999999999848,1.01,2.6366702800047235
220,1.4809999999999857,1.01,2.562622049358775
221,1.487999999999985,1.01,2.974599288495894
222,1.487999999999985,1.01,2.726580100135677
223,1.4919999999999844,1.02,3.065875827649533
224,1.487999999999985,1.01,2.985752078912772
225,1.4709999999999868,1.0,2.7403527903343283
226,1.4849999999999852,1.01,2.915175185759798
227,1.4929999999999843,1.02,3.323050427186673
228,1.487999999999985,1.02,2.899897384377838
229,1.4949999999999841,1.02,3.0521694582132053
230,1.487999999999985,1.01,2.8950687811582725
231,1.4929999999999843,1.02,3.237600902677042
232,1.487999999999985,1.01,3.0820346410275903
233,1.4699999999999869,1.0,2.8780307694978333
234,1.4849999999999852,1.01,3.0397867909434195
235,1.4849999999999852,1.01,2.748251267087132
236,1.477999999999986,1.0,2.357384533334062
237,1.4849999999999852,1.01,2.657853706512549
238,1.4929999999999843,1.02,3.2915416849410515
239,1.467999999999987,0.99,2.8590145883908824
240,1.4709999999999868,0.99,2.70587816161236
241,1.4699999999999869,0.99,2.8096191901430307
242,1.4839999999999853,1.01,2.6829922354911413
243,1.4849999999999852,1.01,2.7061017060678387
244,1.4849999999999852,1.01,2.79249954191453
245,1.4919999999999844,1.02,3.0748795629226975
246,1.487999999999985,1.01,2.846084738044753
247,1.487999999999985,1.01,2.993646718254394
248,1.4849999999999852,1.01,2.9578161928249713
249,1.4889999999999848,1.01,2.5896821490441924
250,1.4839999999999853,1.01,3.005890999077376
251,1.4929999999999843,1.02,3.0631873950516892
252,1.4809999999999857,1.0,2.4672990184193067
253,1.4889999999999848,1.01,2.9033515173545834
254,1.4709999999999868,0.99,3.2503947099068475
255,1.4809999999999857,1.01,2.868522236602281
256,1.487999999999985,1.01,2.9939060228148606
257,1.487999999999985,1.01,2.5905440567547555
258,1.4709999999999868,0.99,2.598959552646832
259,1.4929999999999843,1.02,3.65584678819174
260,1.487999999999985,1.02,3.29185619679348
261,1.487999999999985,1.01,3.282819618649736
262,1.487999999999985,1.01,2.918346863960547
263,1.487999999999985,1.02,2.7376709769846745
264,1.4849999999999852,1.0,2.714470959568906
265,1.4699999999999869,0.99,2.4554809231200805
266,1.486999999999985,1.01,2.7623142231450624
267,1.487999999999985,1.01,2.941505557797963
268,1.487999999999985,1.01,3.276572473404976
269,1.487999999999985,1.01,2.942843697128201
270,1.4929999999999843,1.01,3.057469721122371
271,1.4849999999999852,1.01,2.997711431687243
272,1.487999999999985,1.01,2.823429389338903
273,1.4849999999999852,1.01,3.0677735406871527
274,1.4819999999999856,1.01,3.0897471042370706
275,1.487999999999985,1.01,3.0094509512731937
276,1.4929999999999843,1.02,3.3857356644962504
277,1.487999999999985,1.01,2.581280484582296
278,1.4849999999999852,1.01,2.5884769620339014
279,1.487999999999985,1.01,2.727526506479785
280,1.487999999999985,1.01,3.4476379709094713
281,1.4699999999999869,0.99,2.8169242269236516
282,1.4849999999999852,1.01,2.827325073760118
283,1.487999999999985,1.01,3.1672402331840996
284,1.4849999999999852,1.01,3.21807888824902
285,1.4839999999999853,1.01,2.9013767964486514
286,1.4849999999999852,1.01,2.8103298982603033
287,1.4949999999999841,1.02,3.430940949276338
288,1.4699999999999869,0.99,3.075703939342463
289,1.487999999999985,1.01,2.8476911558689304
290,1.4849999999999852,1.01,3.3865661658915793
291,1.4709999999999868,1.0,2.955750085606506
292,1.487999999999985,1.01,3.2940433293832885
293,1.4919999999999844,1.02,3.0142896269034694
294,1.487999999999985,1.02,2.914743246317677
295,1.487999999999985,1.01,2.9311542298115913
296,1.4919999999999844,1.02,3.3593677219837956
297,1.4709999999999868,1.0,3.0487106492188776
298,1.487999999999985,1.01,3.2824560076517963
299,1.4699999999999869,1.0,3.216136674668301
300,1.4889999999999848,1.01,3.3650521994026543
301,1.4819999999999856,1.0,2.650041168038416
302,1.4639999999999875,0.99,3.418843719165178
303,1.487999999999985,1.01,2.9970659810439693
304,1.4849999999999852,1.01,2.8526097246751068
305,1.4639999999999875,0.99,3.0598623941847842
306,1.487999999999985,1.01,2.6006075250615095
307,1.487999999999985,1.01,2.782854350273429
308,1.4639999999999875,0.99,2.893973071145854
309,1.4839999999999853,1.01,2.651114780321683
310,1.487999999999985,1.02,3.1393145102078157
311,1.487999999999985,1.01,2.9979066807385646
312,1.4849999999999852,1.01,2.491374178010338
313,1.487999999999985,1.01,2.757519726568698
314,1.487999999999985,1.02,3.3355285975793216
315,1.487999999999985,1.01,3.1128190744465885
316,1.4849999999999852,1.01,3.119340990662287
317,1.487999999999985,1.01,3.3186022471949572
318,1.4949999999999841,1.02,3.4369929979365437
319,1.4839999999999853,1.01,2.625679094519967
320,1.4929999999999843,1.02,3.318730280762313
321,1.4849999999999852,1.01,2.7627569821995164
322,1.487999999999985,1.01,3.01283673313891
323,1.487999999999985,1.01,2.6041207630512853
324,1.4709999999999868,1.0,2.9403782751223875
325,1.487999999999985,1.01,2.7270185506666635
326,1.487999999999985,1.01,3.143753117794993
327,1.487999999999985,1.01,3.096588601360445
328,1.4819999999999856,1.0,2.7311464794584475
329,1.4639999999999875,0.99,3.0653320112059226
330,1.4849999999999852,1.01,2.885999276007438
331,1.4699999999999869,0.99,2.712034010914673
332,1.4809999999999857,1.0,2.6757698744276928
333,1.487999999999985,1.02,3.1792218728379713
334,1.4709999999999868,0.99,3.1251353723666853
335,1.4699999999999869,0.99,2.9859996461737826
336,1.4849999999999852,1.01,3.015027614732597
337,1.4809999999999857,1.01,2.761805226578556
338,1.4849999999999852,1.01,2.821652227782977
339,1.4839999999999853,1.01,3.368192503928519
340,1.487999999999985,1.01,2.666838560384504
341,1.4889999999999848,1.01,3.363664979843689
342,1.477999999999986,1.0,2.7947208144056956
343,1.4639999999999875,0.98,2.9690330752188046
344,1.4699999999999869,0.99,2.954786015151335
345,1.4849999999999852,1.01,2.706663366247768
346,1.4699999999999869,0.99,2.4157375376241466
347,1.4809999999999857,1.01,2.952137379412351
348,1.487999999999985,1.01,2.4391952892013515
349,1.4709999999999868,1.0,2.8214138187307847
350,1.4919999999999844,1.02,3.2219073052936347
351,1.487999999999985,1.01,2.985399705721268
352,1.487999999999985,1.01,2.8836847781865096
353,1.4849999999999852,1.01,2.696304467118058
354,1.487999999999985,1.01,3.341949728876327
355,1.4699999999999869,0.99,2.862948681091523
356,1.4939999999999842,1.02,3.048401893379205
357,1.4819999999999856,1.0,2.5872965773497234
358,1.4929999999999843,1.02,3.3243615786786718
359,1.487999999999985,1.01,3.0493301712757535
360,1.4949999999999841,1.02,3.3175751249837773
361,1.4929999999999843,1.02,3.0578606620482076
362,1.4709999999999868,0.99,2.3941454467621672
363,1.4819999999999856,1.01,2.4680998606052538
364,1.4849999999999852,1.01,3.3092520599724033
365,1.4949999999999841,1.02,3.398742767141746
366,1.4639999999999875,0.99,3.153448754798434
367,1.4809999999999857,1.0,2.7591465839177154
368,1.487999999999985,1.01,3.0028734064212173
369,1.487999999999985,1.01,3.0041221150331956
370,1.4839999999999853,1.01,2.9752661297669047
371,1.4839999999999853,1.01,3.161392403141288
372,1.4929999999999843,1.02,3.1925156684640013
373,1.4849999999999852,1.01,2.6714623196580276
374,1.487999999999985,1.02,3.011524207041738
375,1.487999999999985,1.01,3.3766930611666806
376,1.477999999999986,1.0,2.5739067142983103
377,1.487999999999985,1.01,3.3362344208722234
378,1.486999999999985,1.01,3.2696103165414865
379,1.487999999999985,1.02,3.1420214609077215
380,1.4849999999999852,1.01,3.2554018427174833
381,1.487999999999985,1.01,3.3965496864785085
382,1.4949999999999841,1.02,3.8063135768899556
383,1.477999999999986,1.0,2.448218973289141
384,1.487999999999985,1.01,3.0373497788891233
385,1.487999999999985,1.01,2.97833909888499
386,1.4839999999999853,1.01,2.646346878076407
387,1.4929999999999843,1.02,3.1242565279850893
388,1.4849999999999852,1.01,3.0579740861240436
389,1.4919999999999844,1.01,2.9967220790432827
390,1.4839999999999853,1.01,3.069782843664365
391,1.4849999999999852,1.01,2.6623143668669123
392,1.4929999999999843,1.02,3.051662683988366
393,1.487999999999985,1.01,2.512492251803136
394,1.4889999999999848,1.01,3.1743485695134845
395,1.487999999999985,1.01,3.0048600095469897
396,1.4949999999999841,1.02,3.3404621867698117
397,1.487999999999985,1.01,3.062499464674478
398,1.487999999999985,1.01,3.0185158805045984
399,1.487999999999985,1.01,3.075825091594952
400,1.4819999999999856,1.0,2.3766788006886506
401,1.4849999999999852,1.01,3.2498370748627567
402,1.4849999999999852,1.01,2.7516326504838724
403,1.487999999999985,1.02,2.9558505085716713
